   4   12   13    8   13    4   15   14    5   10 
   6   10    5    9    1   10   12    5   14    8 
   7    4    3    9    7    9    6   10    9    7 
   7    6    2   12   15    2   14   10   12   11 
  10    8    5    6    8   13   10    9    4   16 
   9   10    8    7   10   17    3    2   11   13 
   6   14    4    9   16    9    5    3    6    8 
   7   11    4    9    6    1   14   10   11   12 
  10    7    7   13   14    8    6   14    8   15 
  12   12   14    6   14    9    8    9   12    5 

